0.000000 0.000000
0.020408 0.000000
0.040816 0.000000
0.061224 0.000000
0.081633 0.000000
0.102041 0.000000
0.122449 0.000000
0.142857 0.000000
0.163265 0.000000
0.183673 0.000000
0.204082 0.000000
0.224490 0.000000
0.244898 0.000000
0.265306 0.000000
0.285714 0.000000
0.306122 0.000000
0.326531 0.000000
0.346939 0.000000
0.367347 0.000000
0.387755 0.000000
0.408163 0.000000
0.428571 0.000000
0.448980 0.000000
0.469388 0.000000
0.489796 0.000000
0.510204 0.000000
0.530612 0.000000
0.551020 0.000000
0.571429 0.000000
0.591837 0.000000
0.612245 0.000000
0.632653 0.000000
0.653061 0.000000
0.673469 0.000000
0.693878 0.000000
0.714286 0.000000
0.734694 0.000000
0.755102 0.000000
0.775510 0.000000
0.795918 0.000000
0.816326 0.000000
0.836735 0.000000
0.857143 0.000000
0.877551 0.000000
0.897959 0.000000
0.918367 0.000000
0.938775 0.000000
0.959184 0.000000
0.979592 0.000000
1.000000 0.000000
0.000000 0.020408
0.020408 0.020408
0.040816 0.020408
0.061224 0.020408
0.081633 0.020408
0.102041 0.020408
0.122449 0.020408
0.142857 0.020408
0.163265 0.020408
0.183674 0.020408
0.204082 0.020409
0.224491 0.020410
0.244899 0.020413
0.265308 0.020421
0.285715 0.020438
0.306118 0.020467
0.326512 0.020507
0.346898 0.020556
0.367277 0.020602
0.387656 0.020636
0.408042 0.020650
0.428440 0.020641
0.448853 0.020611
0.469278 0.020570
0.489710 0.020525
0.510143 0.020486
0.530573 0.020455
0.550997 0.020434
0.571416 0.020421
0.591831 0.020414
0.612242 0.020411
0.632652 0.020409
0.653061 0.020409
0.673469 0.020408
0.693878 0.020408
0.714286 0.020408
0.734694 0.020408
0.755102 0.020408
0.775510 0.020408
0.795918 0.020408
0.816326 0.020408
0.836735 0.020408
0.857143 0.020408
0.877551 0.020408
0.897959 0.020408
0.918367 0.020408
0.938775 0.020408
0.959184 0.020408
0.979592 0.020408
1.000000 0.020408
0.000000 0.040816
0.020408 0.040816
0.040816 0.040816
0.061224 0.040816
0.081633 0.040816
0.102041 0.040816
0.122449 0.040816
0.142857 0.040816
0.163265 0.040816
0.183674 0.040817
0.204083 0.040818
0.224493 0.040823
0.244905 0.040837
0.265316 0.040869
0.285719 0.040930
0.306106 0.041025
0.326467 0.041151
0.346804 0.041290
0.367123 0.041419
0.387444 0.041508
0.407789 0.041536
0.428173 0.041495
0.448602 0.041398
0.469068 0.041268
0.489552 0.041136
0.510036 0.041022
0.530507 0.040938
0.550960 0.040882
0.571397 0.040849
0.591822 0.040831
0.612238 0.040822
0.632650 0.040819
0.653060 0.040817
0.673469 0.040817
0.693878 0.040816
0.714286 0.040816
0.734694 0.040816
0.755102 0.040816
0.775510 0.040816
0.795918 0.040816
0.816326 0.040816
0.836735 0.040816
0.857143 0.040816
0.877551 0.040816
0.897959 0.040816
0.918367 0.040816
0.938775 0.040816
0.959184 0.040816
0.979592 0.040816
1.000000 0.040816
0.000000 0.061224
0.020408 0.061224
0.040816 0.061224
0.061224 0.061224
0.081633 0.061224
0.102041 0.061224
0.122449 0.061224
0.142857 0.061225
0.163266 0.061225
0.183675 0.061226
0.204087 0.061232
0.224504 0.061248
0.244925 0.061292
0.265343 0.061383
0.285739 0.061541
0.306092 0.061772
0.326385 0.062063
0.346617 0.062381
0.366811 0.062671
0.387006 0.062873
0.407254 0.062934
0.427600 0.062836
0.448057 0.062600
0.468609 0.062285
0.489209 0.061963
0.509807 0.061689
0.530370 0.061491
0.550885 0.061364
0.571360 0.061292
0.591805 0.061254
0.612232 0.061236
0.632648 0.061229
0.653059 0.061226
0.673469 0.061225
0.693877 0.061225
0.714286 0.061225
0.734694 0.061224
0.755102 0.061224
0.775510 0.061224
0.795918 0.061224
0.816326 0.061224
0.836735 0.061224
0.857143 0.061224
0.877551 0.061224
0.897959 0.061224
0.918367 0.061224
0.938775 0.061224
0.959184 0.061224
0.979592 0.061224
1.000000 0.061224
0.000000 0.081633
0.020408 0.081633
0.040816 0.081633
0.061224 0.081633
0.081633 0.081633
0.102041 0.081633
0.122449 0.081633
0.142858 0.081633
0.163267 0.081634
0.183681 0.081638
0.204103 0.081653
0.224540 0.081698
0.244989 0.081803
0.265426 0.082003
0.285816 0.082330
0.306113 0.082795
0.326286 0.083376
0.346330 0.084015
0.366282 0.084611
0.386223 0.085043
0.406260 0.085195
0.426497 0.085010
0.446985 0.084523
0.467693 0.083855
0.488521 0.083166
0.509351 0.082583
0.530102 0.082165
0.550745 0.081904
0.571292 0.081760
0.591775 0.081687
0.612220 0.081654
0.632644 0.081640
0.653058 0.081635
0.673468 0.081633
0.693877 0.081633
0.714286 0.081633
0.734694 0.081633
0.755102 0.081633
0.775510 0.081633
0.795918 0.081633
0.816326 0.081633
0.836735 0.081633
0.857143 0.081633
0.877551 0.081633
0.897959 0.081633
0.918367 0.081633
0.938775 0.081633
0.959184 0.081633
0.979592 0.081633
1.000000 0.081633
0.000000 0.102041
0.020408 0.102041
0.040816 0.102041
0.061224 0.102041
0.081633 0.102041
0.102041 0.102041
0.122449 0.102041
0.142859 0.102042
0.163272 0.102044
0.183697 0.102054
0.204148 0.102088
0.224635 0.102180
0.245144 0.102378
0.265633 0.102740
0.286033 0.103318
0.306264 0.104136
0.326265 0.105172
0.346014 0.106333
0.365562 0.107452
0.385041 0.108301
0.404659 0.108652
0.424639 0.108362
0.445123 0.107469
0.466077 0.106205
0.487302 0.104891
0.508547 0.103788
0.529634 0.103003
0.550503 0.102520
0.571180 0.102259
0.591728 0.102132
0.612201 0.102076
0.632637 0.102053
0.653056 0.102045
0.673468 0.102042
0.693877 0.102041
0.714286 0.102041
0.734694 0.102041
0.755102 0.102041
0.775510 0.102041
0.795918 0.102041
0.816326 0.102041
0.836735 0.102041
0.857143 0.102041
0.877551 0.102041
0.897959 0.102041
0.918367 0.102041
0.938775 0.102041
0.959184 0.102041
0.979592 0.102041
1.000000 0.102041
0.000000 0.122449
0.020408 0.122449
0.040816 0.122449
0.061224 0.122449
0.081633 0.122449
0.102041 0.122449
0.122450 0.122449
0.142863 0.122450
0.163286 0.122455
0.183740 0.122474
0.204253 0.122532
0.224836 0.122680
0.245465 0.122989
0.266066 0.123550
0.286529 0.124449
0.306721 0.125739
0.326525 0.127396
0.345886 0.129284
0.364853 0.131136
0.383618 0.132583
0.402525 0.133242
0.421992 0.132855
0.442344 0.131440
0.463599 0.129354
0.485417 0.127152
0.507307 0.125305
0.528919 0.124006
0.550137 0.123215
0.571014 0.122790
0.591659 0.122589
0.612176 0.122501
0.632628 0.122467
0.653053 0.122455
0.673467 0.122451
0.693877 0.122449
0.714286 0.122449
0.734694 0.122449
0.755102 0.122449
0.775510 0.122449
0.795918 0.122449
0.816326 0.122449
0.836735 0.122449
0.857143 0.122449
0.877551 0.122449
0.897959 0.122449
0.918367 0.122449
0.938775 0.122449
0.959184 0.122449
0.979592 0.122449
1.000000 0.122449
0.000000 0.142857
0.020408 0.142857
0.040816 0.142857
0.061225 0.142857
0.081633 0.142857
0.102042 0.142857
0.122452 0.142858
0.142871 0.142859
0.163316 0.142865
0.183828 0.142889
0.204450 0.142963
0.225198 0.143153
0.246036 0.143562
0.266857 0.144323
0.287490 0.145572
0.307726 0.147392
0.327367 0.149746
0.346295 0.152417
0.364547 0.155011
0.382389 0.157025
0.400322 0.157970
0.418991 0.157515
0.438972 0.155651
0.460437 0.152781
0.482942 0.149649
0.505670 0.146975
0.527978 0.145093
0.549659 0.143951
0.570799 0.143340
0.591573 0.143050
0.612144 0.142928
0.632618 0.142881
0.653050 0.142864
0.673466 0.142859
0.693877 0.142858
0.714286 0.142857
0.734694 0.142857
0.755102 0.142857
0.775510 0.142857
0.795918 0.142857
0.816326 0.142857
0.836735 0.142857
0.857143 0.142857
0.877551 0.142857
0.897959 0.142857
0.918367 0.142857
0.938775 0.142857
0.959184 0.142857
0.979592 0.142857
1.000000 0.142857
0.000000 0.163265
0.020408 0.163265
0.040816 0.163265
0.061225 0.163265
0.081633 0.163265
0.102043 0.163265
0.122457 0.163265
0.142889 0.163265
0.163374 0.163268
0.183979 0.163282
0.204767 0.163344
0.225768 0.163534
0.246937 0.163986
0.268130 0.164889
0.289096 0.166432
0.309507 0.168713
0.329046 0.171634
0.347522 0.174867
0.364987 0.177917
0.381808 0.180216
0.398656 0.181251
0.416391 0.180726
0.435800 0.178661
0.457246 0.175421
0.480308 0.171733
0.503878 0.168456
0.526941 0.166098
0.549131 0.164656
0.570560 0.163878
0.591479 0.163507
0.612112 0.163352
0.632608 0.163294
0.653047 0.163274
0.673466 0.163267
0.693877 0.163266
0.714286 0.163265
0.734694 0.163265
0.755102 0.163265
0.775510 0.163265
0.795918 0.163265
0.816326 0.163265
0.836735 0.163265
0.857143 0.163265
0.877551 0.163265
0.897959 0.163265
0.918367 0.163265
0.938775 0.163265
0.959184 0.163265
0.979592 0.163265
1.000000 0.163265
0.000000 0.183673
0.020408 0.183673
0.040816 0.183673
0.061225 0.183673
0.081633 0.183673
0.102045 0.183673
0.122465 0.183672
0.142918 0.183667
0.163463 0.183654
0.184196 0.183634
0.205212 0.183636
0.226563 0.183749
0.248211 0.184138
0.269960 0.185048
0.291433 0.186714
0.312128 0.189212
0.331586 0.192360
0.349584 0.195762
0.366236 0.198898
0.382029 0.201164
0.397831 0.202053
0.414701 0.201416
0.433549 0.199416
0.454820 0.196352
0.478164 0.192743
0.502345 0.189365
0.526030 0.186832
0.548659 0.185242
0.570345 0.184369
0.591395 0.183947
0.612084 0.183769
0.632600 0.183704
0.653045 0.183682
0.673465 0.183676
0.693877 0.183674
0.714286 0.183674
0.734694 0.183673
0.755102 0.183673
0.775510 0.183673
0.795918 0.183673
0.816326 0.183673
0.836735 0.183673
0.857143 0.183673
0.877551 0.183673
0.897959 0.183673
0.918367 0.183673
0.938775 0.183673
0.959184 0.183673
0.979592 0.183673
1.000000 0.183673
0.000000 0.204082
0.020408 0.204082
0.040816 0.204082
0.061225 0.204082
0.081634 0.204081
0.102048 0.204080
0.122477 0.204076
0.142959 0.204061
0.163579 0.204018
0.184467 0.203930
0.205759 0.203812
0.227554 0.203743
0.249824 0.203914
0.272298 0.204618
0.294398 0.206121
0.315399 0.208465
0.334753 0.211428
0.352285 0.214645
0.368181 0.217638
0.382980 0.219657
0.397822 0.220194
0.414039 0.219478
0.432533 0.217839
0.453643 0.215409
0.477032 0.212446
0.501466 0.209506
0.525473 0.207175
0.548358 0.205648
0.570204 0.204785
0.591341 0.204358
0.612068 0.204176
0.632596 0.204111
0.653045 0.204090
0.673465 0.204084
0.693877 0.204082
0.714286 0.204082
0.734694 0.204082
0.755102 0.204082
0.775510 0.204082
0.795918 0.204082
0.816326 0.204082
0.836735 0.204082
0.857143 0.204082
0.877551 0.204082
0.897959 0.204082
0.918367 0.204082
0.938775 0.204082
0.959184 0.204082
0.979592 0.204082
1.000000 0.204082
0.000000 0.224490
0.020408 0.224490
0.040816 0.224490
0.061225 0.224490
0.081635 0.224489
0.102052 0.224487
0.122492 0.224478
0.143006 0.224446
0.163705 0.224359
0.184756 0.224174
0.206349 0.223872
0.228645 0.223507
0.251636 0.223272
0.274926 0.223500
0.297660 0.224491
0.318914 0.226286
0.338168 0.228703
0.355388 0.231505
0.370824 0.234378
0.384526 0.235883
0.398415 0.235916
0.414367 0.235481
0.432782 0.234568
0.453814 0.233093
0.477091 0.231115
0.501432 0.228975
0.525405 0.227144
0.548302 0.225872
0.570173 0.225121
0.591331 0.224738
0.612068 0.224573
0.632598 0.224515
0.653046 0.224496
0.673466 0.224491
0.693877 0.224490
0.714286 0.224490
0.734694 0.224490
0.755102 0.224490
0.775510 0.224490
0.795918 0.224490
0.816326 0.224490
0.836735 0.224490
0.857143 0.224490
0.877551 0.224490
0.897959 0.224490
0.918367 0.224490
0.938775 0.224490
0.959184 0.224490
0.979592 0.224490
1.000000 0.224490
0.000000 0.244898
0.020408 0.244898
0.040816 0.244898
0.061225 0.244898
0.081636 0.244897
0.102056 0.244893
0.122507 0.244877
0.143050 0.244826
0.163818 0.244687
0.185013 0.244386
0.206885 0.243856
0.229671 0.243097
0.253384 0.242274
0.277451 0.241756
0.300715 0.241906
0.322132 0.242825
0.341325 0.244411
0.358562 0.246617
0.375000 0.250000
0.385740 0.249654
0.399525 0.250075
0.415631 0.250464
0.434163 0.250553
0.455171 0.250176
0.478218 0.249288
0.502184 0.248070
0.525813 0.246876
0.548494 0.245966
0.570260 0.245395
0.591370 0.245093
0.612086 0.244962
0.632605 0.244916
0.653049 0.244903
0.673466 0.244899
0.693877 0.244898
0.714286 0.244898
0.734694 0.244898
0.755102 0.244898
0.775510 0.244898
0.795918 0.244898
0.816326 0.244898
0.836735 0.244898
0.857143 0.244898
0.877551 0.244898
0.897959 0.244898
0.918367 0.244898
0.938775 0.244898
0.959184 0.244898
0.979592 0.244898
1.000000 0.244898
0.000000 0.265306
0.020408 0.265306
0.040817 0.265306
0.061226 0.265306
0.081638 0.265304
0.102060 0.265298
0.122519 0.265276
0.143082 0.265207
0.163893 0.265019
0.185182 0.264606
0.207253 0.263843
0.230418 0.262649
0.254706 0.261126
0.279367 0.259669
0.302973 0.258759
0.324407 0.258612
0.343375 0.259184
0.360034 0.260357
0.373883 0.261521
0.386734 0.262778
0.401170 0.264233
0.417658 0.265614
0.436409 0.266729
0.457394 0.267396
0.480096 0.267504
0.503488 0.267131
0.526567 0.266547
0.548878 0.266013
0.570439 0.265643
0.591448 0.265438
0.612116 0.265348
0.632616 0.265318
0.653052 0.265309
0.673467 0.265307
0.693877 0.265306
0.714286 0.265306
0.734694 0.265306
0.755102 0.265306
0.775510 0.265306
0.795918 0.265306
0.816326 0.265306
0.836735 0.265306
0.857143 0.265306
0.877551 0.265306
0.897959 0.265306
0.918367 0.265306
0.938775 0.265306
0.959184 0.265306
0.979592 0.265306
1.000000 0.265306
0.000000 0.285714
0.020408 0.285714
0.040817 0.285714
0.061226 0.285714
0.081638 0.285712
0.102063 0.285704
0.122525 0.285677
0.143092 0.285595
0.163910 0.285374
0.185220 0.284880
0.207355 0.283933
0.230677 0.282360
0.255236 0.280167
0.280178 0.277751
0.303892 0.275750
0.325181 0.274557
0.343736 0.274227
0.359699 0.274640
0.373883 0.275761
0.387909 0.277534
0.403126 0.279667
0.420134 0.281843
0.439159 0.283799
0.460079 0.285290
0.482327 0.286150
0.505036 0.286413
0.527485 0.286309
0.549361 0.286090
0.570669 0.285902
0.591546 0.285788
0.612153 0.285737
0.632628 0.285720
0.653055 0.285716
0.673468 0.285715
0.693877 0.285714
0.714286 0.285714
0.734694 0.285714
0.755102 0.285714
0.775510 0.285714
0.795918 0.285714
0.816326 0.285714
0.836735 0.285714
0.857143 0.285714
0.877551 0.285714
0.897959 0.285714
0.918367 0.285714
0.938775 0.285714
0.959184 0.285714
0.979592 0.285714
1.000000 0.285714
0.000000 0.306122
0.020408 0.306122
0.040817 0.306122
0.061226 0.306122
0.081639 0.306119
0.102063 0.306111
0.122523 0.306082
0.143080 0.305995
0.163867 0.305766
0.185113 0.305245
0.207146 0.304216
0.230330 0.302434
0.254741 0.299795
0.279562 0.296643
0.303164 0.293746
0.324296 0.291731
0.342701 0.290819
0.358896 0.291024
0.373929 0.292276
0.389018 0.294362
0.405106 0.296939
0.422718 0.299647
0.442017 0.302144
0.462798 0.304124
0.484526 0.305409
0.506551 0.306047
0.528395 0.306251
0.549849 0.306251
0.570903 0.306197
0.591643 0.306152
0.612186 0.306131
0.632638 0.306125
0.653058 0.306123
0.673469 0.306122
0.693878 0.306122
0.714286 0.306122
0.734694 0.306122
0.755102 0.306122
0.775510 0.306122
0.795918 0.306122
0.816326 0.306122
0.836735 0.306122
0.857143 0.306122
0.877551 0.306122
0.897959 0.306122
0.918367 0.306122
0.938775 0.306122
0.959184 0.306122
0.979592 0.306122
1.000000 0.306122
0.000000 0.326531
0.020408 0.326531
0.040817 0.326530
0.061226 0.326530
0.081638 0.326527
0.102061 0.326519
0.122515 0.326491
0.143049 0.326410
0.163775 0.326198
0.184887 0.325710
0.206670 0.324729
0.229437 0.322981
0.253275 0.320287
0.277547 0.316873
0.300846 0.313502
0.321971 0.310995
0.340702 0.309770
0.357627 0.309894
0.373699 0.311222
0.389871 0.313466
0.406864 0.316248
0.425080 0.319160
0.444595 0.321810
0.465177 0.323892
0.486404 0.325277
0.507840 0.326046
0.529178 0.326394
0.550274 0.326513
0.571105 0.326538
0.591724 0.326536
0.612213 0.326532
0.632645 0.326531
0.653059 0.326531
0.673469 0.326531
0.693878 0.326531
0.714286 0.326531
0.734694 0.326531
0.755102 0.326531
0.775510 0.326531
0.795918 0.326531
0.816326 0.326531
0.836735 0.326531
0.857143 0.326531
0.877551 0.326531
0.897959 0.326531
0.918367 0.326531
0.938775 0.326531
0.959184 0.326531
0.979592 0.326531
1.000000 0.326531
0.000000 0.346939
0.020408 0.346939
0.040817 0.346939
0.061226 0.346938
0.081637 0.346936
0.102058 0.346928
0.122502 0.346904
0.143008 0.346836
0.163657 0.346660
0.184598 0.346256
0.206046 0.345432
0.228231 0.343947
0.251225 0.341608
0.274614 0.338519
0.297403 0.335269
0.318604 0.332687
0.337932 0.331338
0.355823 0.331368
0.373028 0.332625
0.390291 0.334783
0.408161 0.337433
0.426921 0.340143
0.446591 0.342538
0.466984 0.344382
0.487816 0.345619
0.508813 0.346342
0.529775 0.346707
0.550597 0.346864
0.571255 0.346919
0.591780 0.346934
0.612229 0.346938
0.632649 0.346939
0.653060 0.346939
0.673469 0.346939
0.693878 0.346939
0.714286 0.346939
0.734694 0.346939
0.755102 0.346939
0.775510 0.346939
0.795918 0.346939
0.816326 0.346939
0.836735 0.346939
0.857143 0.346939
0.877551 0.346939
0.897959 0.346939
0.918367 0.346939
0.938775 0.346939
0.959184 0.346939
0.979592 0.346939
1.000000 0.346939
0.000000 0.367347
0.020408 0.367347
0.040817 0.367347
0.061225 0.367346
0.081636 0.367344
0.102054 0.367338
0.122488 0.367319
0.142965 0.367267
0.163539 0.367137
0.184310 0.366839
0.205420 0.366230
0.227015 0.365131
0.249136 0.363394
0.271547 0.361053
0.293663 0.358477
0.314823 0.356290
0.334731 0.355046
0.353589 0.354969
0.371898 0.355964
0.390186 0.357729
0.408847 0.359875
0.428077 0.362021
0.447891 0.363877
0.468174 0.365293
0.488757 0.366252
0.509469 0.366829
0.530178 0.367134
0.550811 0.367273
0.571349 0.367326
0.591813 0.367342
0.612239 0.367346
0.632652 0.367347
0.653061 0.367347
0.673469 0.367347
0.693878 0.367347
0.714286 0.367347
0.734694 0.367347
0.755102 0.367347
0.775510 0.367347
0.795918 0.367347
0.816326 0.367347
0.836735 0.367347
0.857143 0.367347
0.877551 0.367347
0.897959 0.367347
0.918367 0.367347
0.938775 0.367347
0.959184 0.367347
0.979592 0.367347
1.000000 0.367347
0.000000 0.387755
0.020408 0.387755
0.040817 0.387755
0.061225 0.387755
0.081635 0.387753
0.102050 0.387749
0.122475 0.387735
0.142928 0.387699
0.163441 0.387611
0.184070 0.387415
0.204902 0.387018
0.226017 0.386305
0.247432 0.385186
0.269021 0.383676
0.290482 0.381979
0.311452 0.380473
0.331713 0.379546
0.351319 0.379412
0.370530 0.380043
0.389665 0.381228
0.408980 0.382680
0.428612 0.384129
0.448588 0.385381
0.468854 0.386341
0.489313 0.386998
0.509862 0.387398
0.530417 0.387610
0.550933 0.387707
0.571398 0.387742
0.591828 0.387752
0.612243 0.387754
0.632653 0.387755
0.653061 0.387755
0.673469 0.387755
0.693878 0.387755
0.714286 0.387755
0.734694 0.387755
0.755102 0.387755
0.775510 0.387755
0.795918 0.387755
0.816326 0.387755
0.836735 0.387755
0.857143 0.387755
0.877551 0.387755
0.897959 0.387755
0.918367 0.387755
0.938775 0.387755
0.959184 0.387755
0.979592 0.387755
1.000000 0.387755
0.000000 0.408163
0.020408 0.408163
0.040816 0.408163
0.061225 0.408163
0.081634 0.408162
0.102046 0.408159
0.122465 0.408150
0.142900 0.408128
0.163368 0.408074
0.183899 0.407958
0.204536 0.407728
0.225321 0.407319
0.246260 0.406684
0.267291 0.405834
0.288270 0.404874
0.309021 0.404002
0.329421 0.403436
0.349469 0.403312
0.369276 0.403639
0.389003 0.404307
0.408797 0.405149
0.428748 0.406004
0.448885 0.406753
0.469186 0.407331
0.489600 0.407727
0.510066 0.407966
0.530538 0.408089
0.550990 0.408140
0.571418 0.408157
0.591834 0.408162
0.612244 0.408163
0.632653 0.408163
0.653061 0.408163
0.673469 0.408163
0.693878 0.408163
0.714286 0.408163
0.734694 0.408163
0.755102 0.408163
0.775510 0.408163
0.795918 0.408163
0.816326 0.408163
0.836735 0.408163
0.857143 0.408163
0.877551 0.408163
0.897959 0.408163
0.918367 0.408163
0.938775 0.408163
0.959184 0.408163
0.979592 0.408163
1.000000 0.408163
0.000000 0.428571
0.020408 0.428571
0.040816 0.428571
0.061225 0.428571
0.081634 0.428571
0.102044 0.428569
0.122458 0.428564
0.142880 0.428551
0.163320 0.428521
0.183791 0.428458
0.204311 0.428338
0.224899 0.428130
0.245559 0.427811
0.266263 0.427387
0.286949 0.426908
0.307536 0.426469
0.327965 0.426174
0.348224 0.426097
0.368357 0.426249
0.388435 0.426584
0.408534 0.427020
0.428705 0.427469
0.448969 0.427866
0.469318 0.428170
0.489723 0.428374
0.510155 0.428490
0.530587 0.428544
0.551010 0.428564
0.571425 0.428570
0.591836 0.428571
0.612244 0.428572
0.632653 0.428572
0.653061 0.428572
0.673469 0.428572
0.693877 0.428572
0.714285 0.428572
0.734693 0.428572
0.755102 0.428572
0.775510 0.428572
0.795918 0.428572
0.816326 0.428572
0.836735 0.428571
0.857143 0.428571
0.877551 0.428571
0.897959 0.428571
0.918367 0.428571
0.938775 0.428571
0.959184 0.428571
0.979592 0.428571
1.000000 0.428571
0.000000 0.448980
0.020408 0.448980
0.040816 0.448980
0.061225 0.448979
0.081633 0.448979
0.102042 0.448978
0.122454 0.448975
0.142869 0.448969
0.163292 0.448954
0.183730 0.448923
0.204188 0.448866
0.224675 0.448771
0.245190 0.448631
0.265723 0.448447
0.286248 0.448243
0.306733 0.448058
0.327150 0.447938
0.347493 0.447913
0.367777 0.447990
0.388036 0.448149
0.408304 0.448351
0.428607 0.448555
0.448955 0.448728
0.469344 0.448854
0.489757 0.448930
0.510179 0.448966
0.530599 0.448979
0.551014 0.448982
0.571426 0.448982
0.591835 0.448981
0.612244 0.448982
0.632652 0.448982
0.653060 0.448983
0.673468 0.448983
0.693876 0.448983
0.714284 0.448983
0.734692 0.448982
0.755101 0.448982
0.775509 0.448981
0.795918 0.448980
0.816326 0.448980
0.836735 0.448980
0.857143 0.448980
0.877551 0.448980
0.897959 0.448980
0.918367 0.448980
0.938775 0.448980
0.959184 0.448980
0.979592 0.448980
1.000000 0.448980
0.000000 0.469388
0.020408 0.469388
0.040816 0.469388
0.061225 0.469388
0.081633 0.469387
0.102042 0.469387
0.122451 0.469386
0.142863 0.469383
0.163277 0.469376
0.183698 0.469362
0.204128 0.469339
0.224568 0.469303
0.245018 0.469255
0.265471 0.469201
0.285915 0.469151
0.306336 0.469120
0.326724 0.469120
0.347080 0.469153
0.367415 0.469214
0.387748 0.469288
0.408097 0.469359
0.428473 0.469412
0.448877 0.469441
0.469301 0.469447
0.489734 0.469437
0.510165 0.469422
0.530590 0.469409
0.551009 0.469400
0.571423 0.469396
0.591833 0.469395
0.612242 0.469397
0.632649 0.469399
0.653055 0.469401
0.673462 0.469402
0.693870 0.469401
0.714279 0.469399
0.734688 0.469397
0.755097 0.469394
0.775507 0.469392
0.795916 0.469390
0.816325 0.469389
0.836734 0.469388
0.857143 0.469388
0.877551 0.469388
0.897959 0.469388
0.918367 0.469388
0.938775 0.469388
0.959184 0.469388
0.979592 0.469388
1.000000 0.469388
0.000000 0.489796
0.020408 0.489796
0.040816 0.489796
0.061225 0.489796
0.081633 0.489796
0.102041 0.489796
0.122450 0.489795
0.142860 0.489794
0.163271 0.489791
0.183685 0.489788
0.204103 0.489784
0.224526 0.489784
0.244951 0.489799
0.265367 0.489837
0.285764 0.489908
0.306130 0.490010
0.326464 0.490130
0.346776 0.490247
0.367088 0.490336
0.387424 0.490373
0.407802 0.490351
0.428228 0.490277
0.448690 0.490172
0.469170 0.490063
0.489648 0.489968
0.510113 0.489897
0.530562 0.489852
0.550995 0.489828
0.571415 0.489820
0.591827 0.489822
0.612233 0.489830
0.632636 0.489838
0.653039 0.489843
0.673444 0.489845
0.693852 0.489841
0.714262 0.489834
0.734674 0.489825
0.755087 0.489816
0.775500 0.489809
0.795912 0.489804
0.816323 0.489800
0.836733 0.489798
0.857142 0.489797
0.877551 0.489796
0.897959 0.489796
0.918367 0.489796
0.938775 0.489796
0.959184 0.489796
0.979592 0.489796
1.000000 0.489796
0.000000 0.510204
0.020408 0.510204
0.040816 0.510204
0.061225 0.510204
0.081633 0.510204
0.102041 0.510204
0.122450 0.510204
0.142859 0.510204
0.163269 0.510204
0.183684 0.510209
0.204104 0.510225
0.224528 0.510270
0.244947 0.510363
0.265341 0.510522
0.285688 0.510750
0.305973 0.511034
0.326201 0.511336
0.346395 0.511603
0.366601 0.511775
0.386868 0.511809
0.407235 0.511691
0.427711 0.511450
0.448270 0.511146
0.468866 0.510847
0.489451 0.510602
0.509999 0.510430
0.530502 0.510328
0.550966 0.510282
0.571398 0.510275
0.591808 0.510293
0.612204 0.510320
0.632595 0.510345
0.652987 0.510359
0.673386 0.510358
0.693795 0.510343
0.714211 0.510318
0.734634 0.510289
0.755058 0.510262
0.775481 0.510240
0.795901 0.510225
0.816317 0.510215
0.836730 0.510209
0.857141 0.510206
0.877550 0.510205
0.897959 0.510204
0.918367 0.510204
0.938775 0.510204
0.959184 0.510204
0.979592 0.510204
1.000000 0.510204
0.000000 0.530612
0.020408 0.530612
0.040816 0.530612
0.061224 0.530612
0.081633 0.530612
0.102041 0.530612
0.122450 0.530612
0.142860 0.530614
0.163275 0.530619
0.183699 0.530637
0.204139 0.530688
0.224587 0.530805
0.245018 0.531023
0.265392 0.531367
0.285668 0.531843
0.305820 0.532423
0.325850 0.533041
0.345805 0.533593
0.365771 0.533959
0.385855 0.534037
0.406151 0.533789
0.426690 0.533269
0.447424 0.532608
0.468249 0.531958
0.489056 0.531430
0.509777 0.531069
0.530394 0.530869
0.550915 0.530800
0.571360 0.530820
0.591754 0.530887
0.612118 0.530967
0.632474 0.531031
0.652838 0.531060
0.673225 0.531047
0.693638 0.530996
0.714076 0.530920
0.734528 0.530837
0.754984 0.530762
0.775433 0.530704
0.795873 0.530663
0.816302 0.530638
0.836723 0.530624
0.857137 0.530617
0.877549 0.530614
0.897958 0.530613
0.918367 0.530612
0.938775 0.530612
0.959184 0.530612
0.979592 0.530612
1.000000 0.530612
0.000000 0.551020
0.020408 0.551020
0.040816 0.551020
0.061225 0.551020
0.081633 0.551020
0.102041 0.551020
0.122451 0.551021
0.142866 0.551025
0.163294 0.551038
0.183751 0.551079
0.204241 0.551187
0.224747 0.551410
0.245220 0.551806
0.265588 0.552420
0.285776 0.553269
0.305729 0.554314
0.325441 0.555450
0.344979 0.556498
0.364491 0.557232
0.384191 0.557443
0.404287 0.557024
0.424886 0.556053
0.445912 0.554786
0.467148 0.553536
0.488357 0.552531
0.509398 0.551859
0.530228 0.551520
0.550840 0.551454
0.571290 0.551557
0.591633 0.551741
0.611918 0.551936
0.632188 0.552087
0.652483 0.552152
0.672835 0.552112
0.693260 0.551975
0.713749 0.551776
0.734277 0.551562
0.754810 0.551374
0.775325 0.551230
0.795812 0.551135
0.816270 0.551077
0.836708 0.551046
0.857131 0.551031
0.877546 0.551025
0.897957 0.551022
0.918367 0.551021
0.938775 0.551020
0.959184 0.551020
0.979592 0.551020
1.000000 0.551020
0.000000 0.571429
0.020408 0.571429
0.040816 0.571429
0.061225 0.571429
0.081633 0.571429
0.102042 0.571429
0.122456 0.571431
0.142883 0.571437
0.163345 0.571461
0.183870 0.571533
0.204460 0.571706
0.225083 0.572057
0.245657 0.572675
0.266065 0.573640
0.286177 0.574989
0.305888 0.576675
0.325161 0.578538
0.344076 0.580295
0.362859 0.581578
0.381877 0.582025
0.401542 0.581423
0.422124 0.579854
0.443552 0.577728
0.465428 0.575607
0.487286 0.573915
0.508856 0.572812
0.530034 0.572322
0.550768 0.572324
0.571195 0.572606
0.591427 0.573020
0.611546 0.573444
0.631632 0.573774
0.651769 0.573921
0.672032 0.573839
0.692463 0.573539
0.713051 0.573096
0.733737 0.572615
0.754441 0.572189
0.775101 0.571870
0.795689 0.571662
0.816209 0.571542
0.836680 0.571479
0.857120 0.571449
0.877542 0.571436
0.897956 0.571431
0.918366 0.571429
0.938775 0.571429
0.959184 0.571429
0.979592 0.571429
1.000000 0.571429
0.000000 0.591837
0.020408 0.591837
0.040816 0.591837
0.061225 0.591837
0.081634 0.591837
0.102045 0.591837
0.122467 0.591839
0.142921 0.591848
0.163450 0.591879
0.184093 0.591972
0.204856 0.592199
0.225688 0.592669
0.246468 0.593517
0.267014 0.594869
0.287115 0.596784
0.306585 0.599189
0.325335 0.601837
0.343456 0.604323
0.361270 0.606150
0.379324 0.606844
0.398278 0.606108
0.418648 0.603994
0.440464 0.601000
0.463147 0.597925
0.485896 0.595452
0.508244 0.593864
0.529901 0.593279
0.550774 0.593457
0.571137 0.594063
0.591166 0.594874
0.610984 0.595704
0.630719 0.596367
0.650529 0.596692
0.670578 0.596567
0.690979 0.595999
0.711730 0.595127
0.732709 0.594167
0.753740 0.593316
0.774679 0.592681
0.795464 0.592273
0.816101 0.592042
0.836632 0.591926
0.857100 0.591872
0.877535 0.591850
0.897954 0.591841
0.918366 0.591838
0.938775 0.591837
0.959184 0.591837
0.979592 0.591837
1.000000 0.591837
0.000000 0.612245
0.020408 0.612245
0.040816 0.612245
0.061225 0.612245
0.081635 0.612245
0.102051 0.612245
0.122490 0.612246
0.142993 0.612249
0.163627 0.612271
0.184452 0.612355
0.205482 0.612591
0.226650 0.613126
0.247788 0.614149
0.268619 0.615833
0.288807 0.618238
0.308056 0.621222
0.326231 0.624435
0.343462 0.627382
0.360197 0.629504
0.377174 0.630297
0.395278 0.629474
0.415242 0.627097
0.437259 0.623632
0.460695 0.619923
0.484439 0.616847
0.507789 0.614880
0.530002 0.614329
0.551007 0.614834
0.571256 0.615935
0.590980 0.617339
0.610322 0.618778
0.629466 0.619960
0.648680 0.620589
0.668287 0.620454
0.688548 0.619527
0.709518 0.618021
0.730979 0.616324
0.752568 0.614814
0.773983 0.613695
0.795098 0.612982
0.815930 0.612585
0.836559 0.612388
0.857072 0.612301
0.877525 0.612265
0.897950 0.612251
0.918365 0.612247
0.938775 0.612245
0.959184 0.612245
0.979592 0.612245
1.000000 0.612245
0.000000 0.632653
0.020408 0.632653
0.040817 0.632653
0.061226 0.632653
0.081638 0.632653
0.102062 0.632651
0.122527 0.632645
0.143102 0.632631
0.163883 0.632615
0.184957 0.632637
0.206360 0.632800
0.228019 0.633288
0.249691 0.634347
0.270952 0.636182
0.291292 0.638818
0.310307 0.642033
0.327865 0.645426
0.344179 0.648484
0.359846 0.650608
0.375824 0.651284
0.393182 0.650365
0.412739 0.648042
0.434768 0.644697
0.458711 0.640979
0.483342 0.637749
0.507830 0.635649
0.530559 0.635340
0.551674 0.636318
0.571781 0.638037
0.591108 0.640142
0.609799 0.642276
0.628097 0.644038
0.646409 0.645031
0.665269 0.644954
0.685176 0.643710
0.706337 0.641523
0.728453 0.638947
0.750864 0.636606
0.772985 0.634869
0.794580 0.633770
0.815690 0.633161
0.836461 0.632863
0.857035 0.632733
0.877512 0.632681
0.897946 0.632662
0.918364 0.632656
0.938774 0.632654
0.959184 0.632653
0.979592 0.632653
1.000000 0.632653
0.000000 0.653061
0.020408 0.653061
0.040817 0.653061
0.061227 0.653061
0.081642 0.653059
0.102078 0.653054
0.122579 0.653035
0.143243 0.652985
0.164201 0.652893
0.185583 0.652784
0.207463 0.652760
0.229759 0.653034
0.252113 0.653903
0.273880 0.655590
0.294359 0.658078
0.313107 0.661122
0.330057 0.664362
0.345500 0.667323
0.360177 0.669237
0.375357 0.669584
0.392250 0.668607
0.411577 0.666672
0.433563 0.663958
0.457751 0.660825
0.483039 0.657939
0.508685 0.655994
0.531761 0.656138
0.552983 0.657620
0.572939 0.659904
0.591794 0.662581
0.609694 0.665221
0.626967 0.667377
0.644176 0.668633
0.662067 0.668662
0.681396 0.667313
0.702597 0.664731
0.725386 0.661481
0.748775 0.658392
0.771769 0.656053
0.793954 0.654568
0.815402 0.653744
0.836343 0.653339
0.856992 0.653164
0.877498 0.653096
0.897942 0.653072
0.918362 0.653064
0.938774 0.653062
0.959183 0.653061
0.979592 0.653061
1.000000 0.653061
0.000000 0.673469
0.020408 0.673469
0.040817 0.673469
0.061228 0.673468
0.081648 0.673465
0.102097 0.673454
0.122639 0.673414
0.143397 0.673311
0.164543 0.673106
0.186264 0.672794
0.208688 0.672453
0.231715 0.672310
0.254811 0.672706
0.277057 0.673888
0.297617 0.675843
0.316112 0.678374
0.332581 0.681255
0.347338 0.684170
0.361095 0.685592
0.375744 0.685424
0.392527 0.684764
0.411827 0.683598
0.433790 0.681858
0.458062 0.679662
0.483824 0.677443
0.510378 0.675934
0.533691 0.676494
0.555026 0.678307
0.574795 0.680876
0.593094 0.683763
0.610115 0.686537
0.626296 0.688779
0.642371 0.690107
0.659297 0.690230
0.678028 0.689005
0.699154 0.686498
0.722453 0.683127
0.746724 0.679713
0.770563 0.677019
0.793330 0.675271
0.815113 0.674289
0.836225 0.673802
0.856951 0.673590
0.877485 0.673509
0.897939 0.673481
0.918362 0.673473
0.938774 0.673470
0.959183 0.673469
0.979592 0.673469
1.000000 0.673469
0.000000 0.693878
0.020408 0.693878
0.040817 0.693877
0.061230 0.693876
0.081654 0.693870
0.102117 0.693850
0.122695 0.693787
0.143535 0.693621
0.164851 0.693280
0.186892 0.692708
0.209850 0.691935
0.233600 0.691176
0.257378 0.690818
0.279998 0.691174
0.300579 0.692285
0.318883 0.694034
0.335142 0.696392
0.350000 0.700000
0.362298 0.699427
0.376994 0.699679
0.393929 0.699887
0.413327 0.699761
0.435293 0.699130
0.459586 0.697949
0.485921 0.696377
0.512737 0.695418
0.536275 0.696140
0.557679 0.697938
0.577181 0.700379
0.594859 0.703069
0.610970 0.705640
0.626067 0.707725
0.641102 0.708977
0.657298 0.709181
0.675704 0.708269
0.696836 0.706254
0.720438 0.703357
0.745259 0.700205
0.769670 0.697566
0.792854 0.695784
0.814887 0.694755
0.836133 0.694234
0.856920 0.694005
0.877477 0.693918
0.897937 0.693889
0.918361 0.693881
0.938774 0.693878
0.959183 0.693878
0.979592 0.693878
1.000000 0.693878
0.000000 0.714286
0.020408 0.714286
0.040818 0.714285
0.061231 0.714283
0.081659 0.714275
0.102133 0.714247
0.122734 0.714159
0.143628 0.713934
0.165059 0.713459
0.187334 0.712615
0.210711 0.711355
0.235033 0.709848
0.259321 0.708539
0.282170 0.707861
0.302696 0.707950
0.320764 0.708733
0.336607 0.710095
0.350357 0.711351
0.363834 0.712562
0.378967 0.713913
0.396194 0.715156
0.415759 0.716082
0.437733 0.716481
0.462021 0.716173
0.488952 0.715082
0.515590 0.714367
0.539239 0.714875
0.560620 0.716253
0.579793 0.718174
0.596849 0.720338
0.612082 0.722467
0.626114 0.724239
0.640300 0.725360
0.656263 0.725773
0.674819 0.725443
0.696108 0.724250
0.719822 0.722249
0.744764 0.719833
0.769323 0.717640
0.792645 0.716067
0.814780 0.715120
0.836090 0.714626
0.856908 0.714405
0.877475 0.714323
0.897937 0.714296
0.918362 0.714288
0.938774 0.714286
0.959183 0.714286
0.979592 0.714286
1.000000 0.714286
0.000000 0.734694
0.020409 0.734694
0.040818 0.734693
0.061232 0.734690
0.081662 0.734680
0.102140 0.734645
0.122747 0.734541
0.143652 0.734274
0.165113 0.733699
0.187472 0.732634
0.211033 0.730936
0.235635 0.728697
0.260175 0.726405
0.283102 0.724659
0.303512 0.723747
0.321321 0.723664
0.336883 0.724260
0.351119 0.725488
0.365531 0.727290
0.381291 0.729383
0.398938 0.731460
0.418714 0.733240
0.440669 0.734419
0.464892 0.734683
0.492289 0.733690
0.518484 0.732783
0.542149 0.732699
0.563444 0.733302
0.582293 0.734397
0.598814 0.735771
0.613260 0.737223
0.626115 0.738479
0.639966 0.739643
0.656625 0.740816
0.675593 0.741388
0.697027 0.741241
0.720633 0.740331
0.745294 0.738874
0.769582 0.737351
0.792747 0.736157
0.814818 0.735394
0.836107 0.734981
0.856918 0.734793
0.877481 0.734724
0.897940 0.734702
0.918362 0.734696
0.938774 0.734694
0.959184 0.734694
0.979592 0.734694
1.000000 0.734694
0.000000 0.755102
0.020409 0.755102
0.040818 0.755101
0.061233 0.755098
0.081662 0.755086
0.102137 0.755049
0.122732 0.754940
0.143601 0.754660
0.164994 0.754046
0.187249 0.752874
0.210680 0.750916
0.235163 0.748162
0.259636 0.745084
0.282524 0.742440
0.302889 0.740732
0.320729 0.740092
0.336668 0.740504
0.351748 0.741900
0.367114 0.744063
0.383629 0.746645
0.401777 0.749280
0.421758 0.751593
0.443630 0.753185
0.467701 0.753615
0.495173 0.752263
0.520886 0.750851
0.544543 0.749874
0.565746 0.749465
0.584339 0.749543
0.600464 0.749928
0.614257 0.750346
0.625000 0.750000
0.641438 0.753383
0.658675 0.755589
0.677868 0.757175
0.699285 0.758094
0.722549 0.758244
0.746616 0.757726
0.770329 0.756903
0.793115 0.756144
0.814987 0.755614
0.836182 0.755313
0.856950 0.755174
0.877492 0.755123
0.897943 0.755107
0.918364 0.755103
0.938775 0.755102
0.959184 0.755102
0.979592 0.755102
1.000000 0.755102
0.000000 0.775510
0.020409 0.775510
0.040818 0.775509
0.061232 0.775506
0.081660 0.775494
0.102126 0.775458
0.122692 0.775356
0.143488 0.775096
0.164730 0.774516
0.186710 0.773384
0.209705 0.771438
0.233653 0.768571
0.257704 0.765149
0.280451 0.761978
0.300957 0.759772
0.319231 0.758842
0.335939 0.759208
0.352023 0.760718
0.368387 0.763074
0.385703 0.765889
0.404351 0.768736
0.424482 0.771178
0.446220 0.772768
0.470183 0.772954
0.496935 0.771147
0.522368 0.768948
0.546017 0.766932
0.567165 0.765442
0.585616 0.764522
0.601580 0.764085
0.615472 0.764117
0.629175 0.765622
0.644612 0.768496
0.661832 0.771297
0.681086 0.773714
0.702340 0.775509
0.725074 0.776500
0.748364 0.776728
0.771355 0.776493
0.793651 0.776128
0.815244 0.775826
0.836295 0.775641
0.856994 0.775554
0.877508 0.775522
0.897948 0.775513
0.918365 0.775511
0.938775 0.775510
0.959184 0.775510
0.979592 0.775510
1.000000 0.775510
0.000000 0.795918
0.020409 0.795918
0.040818 0.795917
0.061231 0.795914
0.081655 0.795904
0.102109 0.795873
0.122640 0.795787
0.143343 0.795571
0.164385 0.795086
0.185989 0.794127
0.208362 0.792454
0.231481 0.789922
0.254785 0.786744
0.277231 0.783595
0.297979 0.781259
0.316933 0.780200
0.334616 0.780495
0.351789 0.781961
0.369164 0.784254
0.387258 0.786947
0.406352 0.789589
0.426579 0.791749
0.448170 0.792998
0.471906 0.792699
0.497591 0.790517
0.522664 0.787579
0.546264 0.784603
0.567438 0.782166
0.585953 0.780524
0.602175 0.779807
0.617019 0.780343
0.631818 0.782362
0.647715 0.785355
0.665247 0.788572
0.684601 0.791535
0.705602 0.793879
0.727702 0.795382
0.750176 0.796086
0.772446 0.796257
0.794241 0.796188
0.815533 0.796070
0.836421 0.795982
0.857041 0.795939
0.877523 0.795924
0.897952 0.795920
0.918366 0.795919
0.938775 0.795918
0.959184 0.795918
0.979592 0.795918
1.000000 0.795918
0.000000 0.816326
0.020408 0.816326
0.040818 0.816326
0.061230 0.816323
0.081649 0.816315
0.102091 0.816291
0.122586 0.816225
0.143197 0.816064
0.164038 0.815705
0.185258 0.814991
0.206988 0.813742
0.229219 0.811837
0.251628 0.809376
0.273579 0.806808
0.294461 0.804772
0.314092 0.803762
0.332765 0.803931
0.351009 0.805131
0.369343 0.807030
0.388141 0.809219
0.407622 0.811298
0.427932 0.812910
0.449360 0.813677
0.472595 0.813009
0.497165 0.810620
0.521681 0.807264
0.545134 0.803653
0.566438 0.800587
0.585295 0.798585
0.602168 0.797947
0.617971 0.798836
0.633764 0.801102
0.650416 0.804238
0.668414 0.807640
0.687872 0.810788
0.708567 0.813286
0.730040 0.814952
0.751789 0.815862
0.773437 0.816251
0.794788 0.816364
0.815804 0.816366
0.836537 0.816346
0.857082 0.816333
0.877535 0.816328
0.897955 0.816327
0.918366 0.816326
0.938775 0.816326
0.959184 0.816326
0.979592 0.816326
1.000000 0.816326
0.000000 0.836735
0.020408 0.836735
0.040817 0.836734
0.061228 0.836732
0.081644 0.836726
0.102075 0.836709
0.122539 0.836664
0.143074 0.836555
0.163747 0.836318
0.184647 0.835850
0.205848 0.835034
0.227340 0.833795
0.248953 0.832185
0.270352 0.830459
0.291179 0.829021
0.311272 0.828242
0.330741 0.828287
0.349883 0.829079
0.369023 0.830373
0.388416 0.831862
0.408233 0.833252
0.428625 0.834274
0.449859 0.834615
0.472430 0.833761
0.495900 0.831519
0.519623 0.828266
0.542735 0.824580
0.564195 0.821340
0.583608 0.819275
0.601343 0.818749
0.618192 0.819784
0.635013 0.822083
0.652478 0.825133
0.670954 0.828366
0.690493 0.831287
0.710904 0.833568
0.731870 0.835111
0.753063 0.836014
0.774232 0.836466
0.795232 0.836656
0.816021 0.836718
0.836626 0.836732
0.857111 0.836734
0.877543 0.836735
0.897957 0.836735
0.918367 0.836735
0.938775 0.836735
0.959184 0.836735
0.979592 0.836735
1.000000 0.836735
0.000000 0.857143
0.020408 0.857143
0.040817 0.857142
0.061227 0.857141
0.081640 0.857137
0.102062 0.857126
0.122503 0.857098
0.142984 0.857032
0.163539 0.856891
0.184214 0.856619
0.205047 0.856149
0.226032 0.855441
0.247085 0.854526
0.268044 0.853537
0.288731 0.852690
0.309045 0.852199
0.329012 0.852179
0.348769 0.852607
0.368489 0.853346
0.388328 0.854213
0.408410 0.855018
0.428865 0.855571
0.449889 0.855627
0.471778 0.854805
0.494244 0.853004
0.517032 0.850348
0.539556 0.847219
0.561026 0.844349
0.581008 0.842485
0.599678 0.842031
0.617611 0.842975
0.635453 0.844989
0.653705 0.847583
0.672633 0.850254
0.692274 0.852608
0.712510 0.854428
0.733143 0.855677
0.753964 0.856438
0.774801 0.856847
0.795550 0.857037
0.816172 0.857111
0.836684 0.857135
0.857129 0.857141
0.877548 0.857143
0.897958 0.857143
0.918367 0.857143
0.938775 0.857143
0.959184 0.857143
0.979592 0.857143
1.000000 0.857143
0.000000 0.877551
0.020408 0.877551
0.040817 0.877551
0.061226 0.877550
0.081637 0.877548
0.102052 0.877541
0.122478 0.877525
0.142925 0.877488
0.163408 0.877412
0.183946 0.877270
0.204559 0.877030
0.225242 0.876673
0.245960 0.876212
0.266641 0.875712
0.287203 0.875277
0.307594 0.875012
0.327816 0.874982
0.347922 0.875184
0.367996 0.875557
0.388123 0.876004
0.408384 0.876414
0.428867 0.876661
0.449692 0.876578
0.471002 0.875938
0.492664 0.874683
0.514575 0.872845
0.536399 0.870646
0.557656 0.868560
0.578008 0.867145
0.597475 0.866758
0.616382 0.867417
0.635147 0.868864
0.654113 0.870716
0.673475 0.872604
0.693279 0.874261
0.713471 0.875551
0.733933 0.876450
0.754535 0.877011
0.775164 0.877320
0.795747 0.877468
0.816260 0.877526
0.836714 0.877545
0.857137 0.877550
0.877550 0.877551
0.897959 0.877551
0.918367 0.877551
0.938775 0.877551
0.959184 0.877551
0.979592 0.877551
1.000000 0.877551
0.000000 0.897959
0.020408 0.897959
0.040817 0.897959
0.061225 0.897958
0.081635 0.897957
0.102047 0.897954
0.122464 0.897945
0.142890 0.897927
0.163333 0.897890
0.183800 0.897822
0.204297 0.897712
0.224823 0.897551
0.245363 0.897345
0.265890 0.897121
0.286370 0.896924
0.306778 0.896802
0.327112 0.896784
0.347392 0.896874
0.367656 0.897047
0.387945 0.897253
0.408304 0.897434
0.428784 0.897513
0.449447 0.897396
0.470343 0.896974
0.491445 0.896207
0.512695 0.895108
0.533922 0.893795
0.554877 0.892531
0.575361 0.891638
0.595341 0.891348
0.614959 0.891699
0.634438 0.892548
0.653986 0.893667
0.673735 0.894828
0.693735 0.895864
0.713967 0.896682
0.734367 0.897260
0.754856 0.897622
0.775365 0.897820
0.795852 0.897912
0.816303 0.897946
0.836728 0.897956
0.857141 0.897958
0.877551 0.897959
0.897959 0.897959
0.918367 0.897959
0.938775 0.897959
0.959184 0.897959
0.979592 0.897959
1.000000 0.897959
0.000000 0.918367
0.020408 0.918367
0.040816 0.918367
0.061225 0.918367
0.081634 0.918366
0.102044 0.918365
0.122456 0.918361
0.142872 0.918352
0.163295 0.918335
0.183727 0.918306
0.204171 0.918260
0.224625 0.918194
0.245083 0.918113
0.265535 0.918026
0.285969 0.917950
0.306377 0.917903
0.326757 0.917899
0.347115 0.917940
0.367468 0.918012
0.387835 0.918096
0.408237 0.918160
0.428698 0.918165
0.449244 0.918069
0.469892 0.917827
0.490647 0.917415
0.511479 0.916834
0.532307 0.916145
0.553014 0.915477
0.573503 0.914990
0.593740 0.914805
0.613777 0.914957
0.633717 0.915389
0.653670 0.915985
0.673714 0.916624
0.693887 0.917205
0.714184 0.917670
0.734574 0.917997
0.755011 0.918197
0.775460 0.918302
0.795897 0.918347
0.816319 0.918362
0.836733 0.918366
0.857142 0.918367
0.877551 0.918367
0.897959 0.918367
0.918367 0.918367
0.938775 0.918367
0.959184 0.918367
0.979592 0.918367
1.000000 0.918367
0.000000 0.938775
0.020408 0.938775
0.040816 0.938775
0.061225 0.938775
0.081633 0.938775
0.102042 0.938774
0.122452 0.938773
0.142863 0.938769
0.163277 0.938762
0.183694 0.938751
0.204116 0.938733
0.224540 0.938708
0.244965 0.938679
0.265387 0.938649
0.285803 0.938625
0.306209 0.938612
0.326606 0.938614
0.346996 0.938632
0.367387 0.938659
0.387784 0.938687
0.408198 0.938702
0.428638 0.938688
0.449112 0.938628
0.469629 0.938507
0.490193 0.938310
0.510791 0.938037
0.531391 0.937715
0.551943 0.937399
0.572400 0.937164
0.592745 0.937066
0.612994 0.937127
0.633189 0.937329
0.653383 0.937619
0.673615 0.937937
0.693908 0.938229
0.714261 0.938459
0.734657 0.938617
0.755075 0.938708
0.775496 0.938752
0.795912 0.938768
0.816325 0.938774
0.836734 0.938775
0.857143 0.938775
0.877551 0.938775
0.897959 0.938775
0.918367 0.938775
0.938775 0.938775
0.959184 0.938775
0.979592 0.938775
1.000000 0.938775
0.000000 0.959184
0.020408 0.959184
0.040816 0.959184
0.061225 0.959184
0.081633 0.959184
0.102041 0.959183
0.122450 0.959182
0.142859 0.959181
0.163270 0.959179
0.183681 0.959174
0.204093 0.959168
0.224507 0.959160
0.244920 0.959151
0.265332 0.959141
0.285742 0.959135
0.306149 0.959132
0.326553 0.959134
0.346955 0.959141
0.367359 0.959150
0.387765 0.959157
0.408179 0.959158
0.428602 0.959147
0.449039 0.959117
0.469493 0.959062
0.489964 0.958978
0.510448 0.958864
0.530932 0.958732
0.551398 0.958602
0.571827 0.958505
0.592211 0.958464
0.612556 0.958492
0.632877 0.958581
0.653196 0.958710
0.673532 0.958849
0.693894 0.958975
0.714281 0.959070
0.734684 0.959131
0.755095 0.959163
0.775507 0.959177
0.795917 0.959182
0.816326 0.959183
0.836735 0.959184
0.857143 0.959184
0.877551 0.959184
0.897959 0.959184
0.918367 0.959184
0.938775 0.959184
0.959184 0.959184
0.979592 0.959184
1.000000 0.959184
0.000000 0.979592
0.020408 0.979592
0.040816 0.979592
0.061225 0.979592
0.081633 0.979592
0.102041 0.979592
0.122449 0.979591
0.142858 0.979591
0.163267 0.979590
0.183676 0.979589
0.204085 0.979587
0.224495 0.979585
0.244904 0.979582
0.265313 0.979580
0.285722 0.979578
0.306129 0.979578
0.326536 0.979579
0.346943 0.979581
0.367350 0.979584
0.387759 0.979585
0.408169 0.979583
0.428584 0.979578
0.449003 0.979565
0.469427 0.979545
0.489857 0.979514
0.510290 0.979474
0.530722 0.979430
0.551147 0.979389
0.571560 0.979359
0.591958 0.979350
0.612344 0.979364
0.632723 0.979398
0.653102 0.979444
0.673487 0.979493
0.693882 0.979533
0.714284 0.979562
0.734692 0.979579
0.755100 0.979587
0.775509 0.979590
0.795918 0.979591
0.816326 0.979592
0.836735 0.979592
0.857143 0.979592
0.877551 0.979592
0.897959 0.979592
0.918367 0.979592
0.938775 0.979592
0.959184 0.979592
0.979592 0.979592
1.000000 0.979592
0.000000 1.000000
0.020408 1.000000
0.040816 1.000000
0.061224 1.000000
0.081633 1.000000
0.102041 1.000000
0.122449 1.000000
0.142857 1.000000
0.163265 1.000000
0.183673 1.000000
0.204082 1.000000
0.224490 1.000000
0.244898 1.000000
0.265306 1.000000
0.285714 1.000000
0.306122 1.000000
0.326531 1.000000
0.346939 1.000000
0.367347 1.000000
0.387755 1.000000
0.408163 1.000000
0.428571 1.000000
0.448980 1.000000
0.469388 1.000000
0.489796 1.000000
0.510204 1.000000
0.530612 1.000000
0.551020 1.000000
0.571429 1.000000
0.591837 1.000000
0.612245 1.000000
0.632653 1.000000
0.653061 1.000000
0.673469 1.000000
0.693878 1.000000
0.714286 1.000000
0.734694 1.000000
0.755102 1.000000
0.775510 1.000000
0.795918 1.000000
0.816326 1.000000
0.836735 1.000000
0.857143 1.000000
0.877551 1.000000
0.897959 1.000000
0.918367 1.000000
0.938775 1.000000
0.959184 1.000000
0.979592 1.000000
1.000000 1.000000
